Fourier analysis for v(z):
  No. Harmonics: 10, THD: 7.73095e-09 %, Gridsize: 200, Interpolation Degree: 1

Harmonic Frequency   Magnitude   Phase       Norm. Mag   Norm. Phase
-------- ---------   ---------   -----       ---------   -----------
 0       0           -0.0037916  0           0           0          
 1       10000       0.893077    -27.14      1           0          
 2       20000       2.05193e-13 -123.68     2.29759e-13 -96.537    
 3       30000       6.9043e-11  -137.8      7.73091e-11 -110.66    
 4       40000       1.72958e-14 178.575     1.93666e-14 205.715    
 5       50000       3.07779e-14 10.4296     3.44628e-14 37.57      
 6       60000       1.71374e-14 158.134     1.91892e-14 185.274    
 7       70000       1.85429e-14 -133.75     2.07629e-14 -106.61    
 8       80000       1.16193e-14 -171.85     1.30104e-14 -144.71    
 9       90000       1.513e-14   -53.226     1.69415e-14 -26.086    

