Fourier analysis for v(z):
  No. Harmonics: 10, THD: 8.43654e-05 %, Gridsize: 200, Interpolation Degree: 1

Harmonic Frequency   Magnitude   Phase       Norm. Mag   Norm. Phase
-------- ---------   ---------   -----       ---------   -----------
 0       0           -0.0037918  0           0           0          
 1       100         0.998454    -0.2922     1           0          
 2       200         2.98819e-07 -85.259     2.99281e-07 -84.967    
 3       300         2.98659e-07 -82.889     2.99122e-07 -82.597    
 4       400         2.98436e-07 -80.519     2.98898e-07 -80.227    
 5       500         2.98149e-07 -78.15      2.9861e-07  -77.858    
 6       600         2.97798e-07 -75.782     2.98259e-07 -75.49     
 7       700         2.97384e-07 -73.415     2.97844e-07 -73.122    
 8       800         2.96906e-07 -71.048     2.97366e-07 -70.756    
 9       900         2.96366e-07 -68.683     2.96824e-07 -68.391    

