Fourier analysis for v(z):
  No. Harmonics: 10, THD: 1.81065e-11 %, Gridsize: 200, Interpolation Degree: 1

Harmonic Frequency   Magnitude   Phase       Norm. Mag   Norm. Phase
-------- ---------   ---------   -----       ---------   -----------
 0       0           -0.0037916  0           0           0          
 1       1000        0.997193    -2.9197     1           0          
 2       2000        4.78408e-14 -37.943     4.79755e-14 -35.023    
 3       3000        8.93961e-14 -162.02     8.96478e-14 -159.1     
 4       4000        3.61867e-14 98.4698     3.62886e-14 101.389    
 5       5000        7.93128e-14 91.0672     7.95361e-14 93.9869    
 6       6000        5.16175e-14 -21.143     5.17628e-14 -18.223    
 7       7000        7.54038e-14 -174.96     7.56161e-14 -172.04    
 8       8000        5.89699e-14 66.9209     5.91359e-14 69.8405    
 9       9000        5.37853e-14 155.005     5.39367e-14 157.924    

