Fourier analysis for v(z):
  No. Harmonics: 10, THD: 0.00229586 %, Gridsize: 200, Interpolation Degree: 1

Harmonic Frequency   Magnitude   Phase       Norm. Mag   Norm. Phase
-------- ---------   ---------   -----       ---------   -----------
 0       0           -0.0037924  0           0           0          
 1       100000      0.195618    -84.544     1           0          
 2       200000      1.60114e-06 -84.241     8.18503e-06 0.303055   
 3       300000      1.59298e-06 -81.794     8.14334e-06 2.74953    
 4       400000      1.59634e-06 -78.485     8.16049e-06 6.05849    
 5       500000      1.59274e-06 -75.611     8.1421e-06  8.93337    
 6       600000      1.58836e-06 -72.738     8.11972e-06 11.8061    
 7       700000      1.58319e-06 -69.868     8.09331e-06 14.6757    
 8       800000      1.57725e-06 -67.002     8.06292e-06 17.5419    
 9       900000      1.57053e-06 -64.14      8.02858e-06 20.4041    

