Fourier analysis for v(z):
  No. Harmonics: 10, THD: 9.92846e-05 %, Gridsize: 200, Interpolation Degree: 1

Harmonic Frequency   Magnitude   Phase       Norm. Mag   Norm. Phase
-------- ---------   ---------   -----       ---------   -----------
 0       0           -0.0037918  0           0           0          
 1       10          0.998456    -0.029268   1           0          
 2       20          3.52322e-07 -84.865     3.52866e-07 -84.835    
 3       30          3.52028e-07 -82.298     3.52572e-07 -82.268    
 4       40          3.51617e-07 -79.732     3.52161e-07 -79.703    
 5       50          3.5109e-07  -77.168     3.51633e-07 -77.138    
 6       60          3.50447e-07 -74.605     3.50988e-07 -74.576    
 7       70          3.49688e-07 -72.044     3.50228e-07 -72.015    
 8       80          3.48814e-07 -69.486     3.49353e-07 -69.457    
 9       90          3.47827e-07 -66.931     3.48364e-07 -66.902    

